#m	30
#tau	20
#m	o(m)	L1(m,1)	L1(m,2)	L1(m,3)	L1(m,4)	L1(m,5)	L1(m,6)	L1(m,7)	L1(m,8)	L1(m,9)	L1(m,10)	L1(m,11)	L1(m,12)	L1(m,13)	L1(m,14)	L1(m,15)	L1(m,16)	L1(m,17)	L1(m,18)	L1(m,19)	L1(m,20)
1	0.000028436810	0.000000000000	0.000034790216	0.000018908460	0.000012258271	0.000015360480	0.000018012536	0.000020613486	0.000010693448	0.000017629720	0.000019408848	0.000033839352	0.000024206740	0.000020001027	0.000024513126	0.000031837198	0.000015156377	0.000020471804	0.000020896872	0.000025356634	0.000021529661
64	0.000028436810	0.000000000000	0.000023648501	0.000019971115	0.000016531799	0.000027547350	0.000014491343	0.000027944982	0.000019322785	0.000019532668	0.000017413000	0.000018831912	0.000015412373	0.000025657025	0.000017513579	0.000019531173	0.000036847097	0.000017923741	0.000025873857	0.000029851767	0.000022871948
128	0.000028436810	0.000000000000	0.000023760522	0.000019060661	0.000030725198	0.000019142730	0.000022064346	0.000021004699	0.000023236845	0.000026128864	0.000024406553	0.000024042756	0.000022835658	0.000030809213	0.000032075105	0.000029652291	0.000029212618	0.000022981526	0.000026942766	0.000027955119	0.000026446637
256	0.000028436810	0.000022183258	0.000023860193	0.000019577084	0.000026001278	0.000021615179	0.000027549389	0.000018431134	0.000027311713	0.000018738805	0.000028076775	0.000026486616	0.000029786358	0.000028331839	0.000028307002	0.000031616249	0.000033203143	0.000029391469	0.000036913956	0.000037544255	0.000035130705
512	0.000028436810	0.000027682373	0.000029454257	0.000030960366	0.000026710471	0.000036807919	0.000032023276	0.000030344096	0.000032604797	0.000031691517	0.000034670179	0.000036337855	0.000037752202	0.000042561805	0.000043003739	0.000046433895	0.000051178768	0.000051997216	0.000056516752	0.000056868100	0.000062014913
1024	0.000028436810	0.000059244013	0.000050968627	0.000044589482	0.000060169324	0.000054942565	0.000053151376	0.000055846370	0.000061302837	0.000059496587	0.000061662778	0.000068279812	0.000076584461	0.000081048962	0.000085806601	0.000087687292	0.000092721921	0.000098117190	0.000102090596	0.000112410840	0.000117714571
1536	0.000028436810	0.000054001157	0.000051764280	0.000049026495	0.000062140636	0.000065200589	0.000081992285	0.000078620379	0.000084974759	0.000097703616	0.000105261781	0.000121499910	0.000125170662	0.000134670709	0.000137266581	0.000143434447	0.000142088282	0.000154840889	0.000157771651	0.000184546934	0.000193988843
2048	0.000028436810	0.000056316026	0.000120761762	0.000133552614	0.000112123273	0.000111692958	0.000125305722	0.000107709429	0.000125183994	0.000126523729	0.000135633512	0.000163442742	0.000174219871	0.000188260627	0.000192353516	0.000209471676	0.000190372170	0.000214706218	0.000217589929	0.000239662384	0.000252498205
3072	0.000028436810	0.000075196469	0.000103125636	0.000136605217	0.000109433509	0.000120935153	0.000131562704	0.000154542044	0.000153550045	0.000194325057	0.000195897399	0.000216461461	0.000253379314	0.000255314893	0.000269581472	0.000303396834	0.000295957129	0.000319979961	0.000326565421	0.000370330164	0.000383914006
4096	0.000028436810	0.000116368179	0.000170934595	0.000160237922	0.000173812440	0.000188663806	0.000207386318	0.000197300958	0.000219591267	0.000240458408	0.000261394136	0.000291050422	0.000300925836	0.000338018350	0.000350678773	0.000372533021	0.000363669946	0.000415080734	0.000427609510	0.000473782891	0.000490690767
5120	0.000028436810	0.000100349643	0.000169618365	0.000163228891	0.000185123210	0.000189869619	0.000206358693	0.000235930169	0.000253941699	0.000288558585	0.000320824888	0.000383993431	0.000393086276	0.000433701165	0.000455956271	0.000467336630	0.000464377736	0.000506794486	0.000519978911	0.000585367090	0.000604297259
6144	0.000028436810	0.000104163462	0.000195878146	0.000172873414	0.000196272844	0.000226096418	0.000236289896	0.000265985792	0.000285140723	0.000366094875	0.000393065638	0.000441406474	0.000465642927	0.000496975015	0.000520392999	0.000540213965	0.000516099470	0.000612328171	0.000601985926	0.000682295871	0.000712629432
7168	0.000028436810	0.000170013779	0.000236398609	0.000216474209	0.000226248064	0.000254899666	0.000270902877	0.000327864407	0.000321730054	0.000394342626	0.000439297338	0.000480673486	0.000544222581	0.000567430189	0.000605976027	0.000619943789	0.000616048225	0.000688871779	0.000690793650	0.000778932399	0.000805453991
8192	0.000028436810	0.000160187910	0.000229365324	0.000218884672	0.000237605036	0.000290463406	0.000316627115	0.000364439355	0.000359996587	0.000437804607	0.000517239227	0.000605466492	0.000643031719	0.000674941517	0.000709499595	0.000736921051	0.000730656175	0.000831976092	0.000799136282	0.000913905832	0.000943390351
16384	0.000028436810	0.000175754905	0.000284076822	0.000385399124	0.000478594933	0.000530897824	0.000720079554	0.000728286365	0.000758067663	0.000890204734	0.001083987373	0.001220257159	0.001308198822	0.001354307767	0.001426687175	0.001427643263	0.001551981176	0.001601172482	0.001669078763	0.001766752744	0.001870626897
32768	0.000028436810	0.000371965907	0.000602454485	0.000719012936	0.000903873033	0.001141918443	0.001401706017	0.001526752501	0.001649735317	0.001781872437	0.002132285194	0.002392638015	0.002533911513	0.002655153249	0.002869430152	0.003062053707	0.003130694607	0.003236174937	0.003419857644	0.003410249748	0.003630986518
49152	0.000028436810	0.000509714278	0.000836572874	0.001039720072	0.001351828388	0.001818310992	0.002080884569	0.002310432420	0.002404386824	0.002829950602	0.003174700298	0.003607776877	0.003917737491	0.003955502831	0.004360043014	0.004614666032	0.004706303535	0.005026852754	0.005272208585	0.005627103460	0.005588006744
65536	0.000028436810	0.000042061810	0.000041248963	0.000068048905	0.000082454927	0.000095012162	0.000105416455	0.000116222597	0.000128325724	0.000150781017	0.000161880468	0.000185888479	0.000202413004	0.000214173869	0.000222594127	0.000249699176	0.000257281476	0.000280877804	0.000289174325	0.000311754995	0.000315045807
98304	0.000028436810	0.000122745193	0.000157067441	0.000189388332	0.000149857663	0.000174765737	0.000215497018	0.000248363674	0.000245031238	0.000289735846	0.000307733633	0.000320006426	0.000326802890	0.000347616517	0.000370617877	0.000386067120	0.000396788410	0.000437794746	0.000427774663	0.000466959813	0.000481237110
131072	0.000026333819	0.000118303684	0.000177918354	0.000188362168	0.000174055742	0.000191978551	0.000237913428	0.000290407125	0.000291063908	0.000319998814	0.000351523307	0.000375227233	0.000403096234	0.000417372479	0.000434077063	0.000472524941	0.000495477638	0.000527298291	0.000542908403	0.000591793784	0.000595239679
196608	0.000026333819	0.000107851485	0.000168517479	0.000205552853	0.000251744139	0.000269165318	0.000327793585	0.000361121791	0.000395416973	0.000446492363	0.000485300138	0.000522866930	0.000563167256	0.000570196337	0.000613770417	0.000695060849	0.000738326780	0.000751808501	0.000800712429	0.000860736863	0.000882782303
262144	0.000026333819	0.000108412386	0.000171143090	0.000241868080	0.000294528173	0.000353389967	0.000393553012	0.000438685127	0.000501992661	0.000568416536	0.000604963631	0.000648670405	0.000739556210	0.000745488499	0.000786383388	0.000903075047	0.000960096893	0.000984205235	0.001049823717	0.001132133209	0.001150557261
393216	0.000026333819	0.000212167371	0.000210882461	0.000305618078	0.000375446915	0.000486826560	0.000534801794	0.000624734094	0.000681678459	0.000782224232	0.000849262351	0.000939997758	0.001069053812	0.001045055366	0.001123249955	0.001304753441	0.001380967802	0.001435240252	0.001507398980	0.001626482605	0.001674155782
524288	0.000026333819	0.000216013864	0.000260780341	0.000381509049	0.000495795910	0.000571775399	0.000681333961	0.000806791364	0.000862876226	0.000998978287	0.001106753809	0.001199045892	0.001398044434	0.001374091777	0.001481323726	0.001729405706	0.001828653406	0.001934208920	0.001960929859	0.002113689658	0.002177963701
786432	0.000026333819	0.000303983470	0.000338134510	0.000527738702	0.000612379258	0.000807721303	0.000985061584	0.001189457494	0.001252373536	0.001456854401	0.001614346020	0.001756641650	0.002076949719	0.002032449301	0.002191153654	0.002589859749	0.002723000816	0.002856566461	0.002866494587	0.003071905525	0.003196454797
1048576	0.000026333819	0.000299781275	0.000397612946	0.000698699791	0.000789213074	0.001040571448	0.001285185095	0.001609527961	0.001612926998	0.001891826667	0.002110307251	0.002375323350	0.002763190573	0.002687969575	0.002975768652	0.003462627913	0.003631928727	0.003784980890	0.003797219345	0.004049982396	0.004260247382
1572864	0.000026333819	0.000440410084	0.000572084823	0.001035649787	0.001167429585	0.001508303155	0.001871443872	0.002415695347	0.002445956008	0.002804051914	0.003118197879	0.003520847280	0.004088088106	0.003895476929	0.004274567390	0.005078804717	0.005384111989	0.005629573389	0.005571045102	0.006217556758	0.006146387388
2097152	0.000026333819	0.000549207185	0.000704557909	0.001335051368	0.001529310131	0.001986635208	0.002538705368	0.003188660092	0.003210346452	0.003672857877	0.004096827601	0.004642789650	0.005358644338	0.004745074887	0.005154350148	0.006339228776	0.006530715115	0.006695960843	0.006993753309	0.007517385706	0.007670725650
3145728	0.000026333819	0.000795465483	0.001049280913	0.002047382117	0.002267142863	0.002943018600	0.005291732529	0.004837425336	0.004753395197	0.005433286246	0.005438720015	0.006861304507	0.007413057902	0.006918818773	0.007216129093	0.008966453371	0.009300557501	0.009746663530	0.010200517067	0.010996186411	0.011098488757
4194304	0.000026333819	0.001029447056	0.001383208055	0.002424568430	0.003480582538	0.003854993998	0.006277086836	0.006478384231	0.006238291841	0.006963395545	0.006650548651	0.009020075556	0.008550598120	0.008998569021	0.010335440957	0.011864801324	0.012616248864	0.012955155603	0.013573879403	0.014830552397	0.014061453983
